{
    "12": {
        "right_hand": [
            [
                [
                    0.625527560710907,
                    -0.5949848294258118,
                    -0.5046862363815308
                ],
                [
                    0.6638898849487305,
                    0.7457094788551331,
                    -0.05628128722310066
                ],
                [
                    0.4098358154296875,
                    -0.29985058307647705,
                    0.8614662289619446
                ]
            ],
            [
                [
                    0.9498632550239563,
                    -0.31214091181755066,
                    0.01810339093208313
                ],
                [
                    0.29411235451698303,
                    0.8723527789115906,
                    -0.3905104696750641
                ],
                [
                    0.10610174387693405,
                    0.3762560188770294,
                    0.9204203486442566
                ]
            ],
            [
                [
                    0.9793137907981873,
                    -0.15343885123729706,
                    0.13191333413124084
                ],
                [
                    0.15206308662891388,
                    0.988158106803894,
                    0.02050183154642582
                ],
                [
                    -0.13349702954292297,
                    -1.8585065845400095e-05,
                    0.9910492300987244
                ]
            ],
            [
                [
                    0.5077770352363586,
                    -0.8384974002838135,
                    -0.19769811630249023
                ],
                [
                    0.8601401448249817,
                    0.5062864422798157,
                    0.06191043183207512
                ],
                [
                    0.04818014055490494,
                    -0.2014847993850708,
                    0.9783058762550354
                ]
            ],
            [
                [
                    0.9603626132011414,
                    -0.05154704302549362,
                    -0.2739461362361908
                ],
                [
                    0.09953746944665909,
                    0.9813781976699829,
                    0.16428400576114655
                ],
                [
                    0.2603763937950134,
                    -0.1850401610136032,
                    0.9476097822189331
                ]
            ],
            [
                [
                    0.9061923027038574,
                    -0.163475900888443,
                    0.38998857140541077
                ],
                [
                    0.1396687775850296,
                    0.9862032532691956,
                    0.08885820209980011
                ],
                [
                    -0.39913415908813477,
                    -0.026053396984934807,
                    0.9165222644805908
                ]
            ],
            [
                [
                    0.6043348908424377,
                    -0.468537300825119,
                    0.6444005370140076
                ],
                [
                    0.398206889629364,
                    0.878166139125824,
                    0.2650575637817383
                ],
                [
                    -0.6900801062583923,
                    0.09642122685909271,
                    0.7172812223434448
                ]
            ],
            [
                [
                    0.9035535454750061,
                    -0.18328823149204254,
                    -0.38729381561279297
                ],
                [
                    0.27850303053855896,
                    0.9381335973739624,
                    0.20577023923397064
                ],
                [
                    0.32561808824539185,
                    -0.2937869131565094,
                    0.8987002372741699
                ]
            ],
            [
                [
                    0.9502233266830444,
                    -0.11287745833396912,
                    0.2904035747051239
                ],
                [
                    -0.03338714689016342,
                    0.8898104429244995,
                    0.45510733127593994
                ],
                [
                    -0.3097755014896393,
                    -0.4421493709087372,
                    0.8417499661445618
                ]
            ],
            [
                [
                    0.6439478993415833,
                    -0.738650381565094,
                    0.19931602478027344
                ],
                [
                    0.7283455729484558,
                    0.6716139912605286,
                    0.1358213722705841
                ],
                [
                    -0.23418793082237244,
                    0.05770905688405037,
                    0.9704771637916565
                ]
            ],
            [
                [
                    0.9294664859771729,
                    -0.21082668006420135,
                    -0.3027278780937195
                ],
                [
                    0.29373443126678467,
                    0.919405996799469,
                    0.2615581452846527
                ],
                [
                    0.2231864035129547,
                    -0.33203110098838806,
                    0.9164841175079346
                ]
            ],
            [
                [
                    0.7281728982925415,
                    -0.4576578140258789,
                    0.510209321975708
                ],
                [
                    0.2557964622974396,
                    0.8720815777778625,
                    0.4171833395957947
                ],
                [
                    -0.6358712911605835,
                    -0.17327186465263367,
                    0.7520934343338013
                ]
            ],
            [
                [
                    0.8759008646011353,
                    -0.028985317796468735,
                    -0.4816196858882904
                ],
                [
                    -0.3900367021560669,
                    0.5450599789619446,
                    -0.7421461343765259
                ],
                [
                    0.2840229868888855,
                    0.8378958106040955,
                    0.4661131799221039
                ]
            ],
            [
                [
                    0.9086546301841736,
                    -0.3940364122390747,
                    -0.13813738524913788
                ],
                [
                    0.4139713644981384,
                    0.8069316744804382,
                    0.42129433155059814
                ],
                [
                    -0.05453790724277496,
                    -0.43999600410461426,
                    0.8963419795036316
                ]
            ],
            [
                [
                    0.9934176802635193,
                    0.05468175187706947,
                    -0.10065390914678574
                ],
                [
                    -0.103286013007164,
                    0.8075535893440247,
                    -0.5806800127029419
                ],
                [
                    0.04953082278370857,
                    0.5872539281845093,
                    0.8078858852386475
                ]
            ]
        ],
        "right_global_orient": [
            [
                [
                    0.21153590083122253,
                    -0.3166903555393219,
                    -0.9246403574943542
                ],
                [
                    -0.9154092669487,
                    -0.3956819474697113,
                    -0.07390254735946655
                ],
                [
                    -0.3424592912197113,
                    0.8620574474334717,
                    -0.3736022114753723
                ]
            ]
        ]
    },
    "17": {
        "right_hand": [
            [
                [
                    0.8158095479011536,
                    -0.4797818064689636,
                    -0.32289940118789673
                ],
                [
                    0.4914562702178955,
                    0.8694536685943604,
                    -0.05021144822239876
                ],
                [
                    0.30483657121658325,
                    -0.11772795766592026,
                    0.9451003670692444
                ]
            ],
            [
                [
                    0.9959854483604431,
                    0.08945954591035843,
                    -0.003167480928823352
                ],
                [
                    -0.08757230639457703,
                    0.966420590877533,
                    -0.2415829449892044
                ],
                [
                    -0.018550777807831764,
                    0.2408904731273651,
                    0.9703750014305115
                ]
            ],
            [
                [
                    0.9987297058105469,
                    -0.04802488908171654,
                    -0.01525096781551838
                ],
                [
                    0.04730958491563797,
                    0.9979003071784973,
                    -0.04423496872186661
                ],
                [
                    0.01734332926571369,
                    0.043457262217998505,
                    0.9989047050476074
                ]
            ],
            [
                [
                    0.848006546497345,
                    -0.528714656829834,
                    0.03668617829680443
                ],
                [
                    0.529950737953186,
                    0.8451195955276489,
                    -0.07017920166254044
                ],
                [
                    0.0061005582101643085,
                    0.07895427942276001,
                    0.9968596696853638
                ]
            ],
            [
                [
                    0.9681418538093567,
                    0.23905561864376068,
                    -0.07452435791492462
                ],
                [
                    -0.21209414303302765,
                    0.9410744309425354,
                    0.2634292244911194
                ],
                [
                    0.13310720026493073,
                    -0.2392306625843048,
                    0.9617958664894104
                ]
            ],
            [
                [
                    0.9380477070808411,
                    -0.15518566966056824,
                    0.30981263518333435
                ],
                [
                    0.1812135875225067,
                    0.9817966818809509,
                    -0.05689312890172005
                ],
                [
                    -0.2953440546989441,
                    0.10951073467731476,
                    0.9490938782691956
                ]
            ],
            [
                [
                    0.7471938133239746,
                    -0.22027719020843506,
                    0.6270400881767273
                ],
                [
                    0.20605474710464478,
                    0.9737664461135864,
                    0.09654197841882706
                ],
                [
                    -0.6318566203117371,
                    0.057069022208452225,
                    0.7729814052581787
                ]
            ],
            [
                [
                    0.9605711698532104,
                    -0.03369840234518051,
                    -0.27598443627357483
                ],
                [
                    0.030069101601839066,
                    0.999396800994873,
                    -0.01737259514629841
                ],
                [
                    0.27640339732170105,
                    0.008389011025428772,
                    0.9610050320625305
                ]
            ],
            [
                [
                    0.9589794874191284,
                    0.10404527187347412,
                    0.2636909782886505
                ],
                [
                    -0.19414477050304413,
                    0.9188677072525024,
                    0.34349679946899414
                ],
                [
                    -0.20655786991119385,
                    -0.38060060143470764,
                    0.9013751149177551
                ]
            ],
            [
                [
                    0.8830223083496094,
                    -0.348538339138031,
                    0.3143126964569092
                ],
                [
                    0.39505645632743835,
                    0.9135374426841736,
                    -0.09684896469116211
                ],
                [
                    -0.25338083505630493,
                    0.20969107747077942,
                    0.9443662762641907
                ]
            ],
            [
                [
                    0.9737615585327148,
                    0.11687150597572327,
                    -0.19526749849319458
                ],
                [
                    -0.0698857456445694,
                    0.9701646566390991,
                    0.2321564108133316
                ],
                [
                    0.21657408773899078,
                    -0.2124186009168625,
                    0.9528766870498657
                ]
            ],
            [
                [
                    0.8237643837928772,
                    -0.26485228538513184,
                    0.5012640357017517
                ],
                [
                    0.15784379839897156,
                    0.956354022026062,
                    0.24591127038002014
                ],
                [
                    -0.5445160269737244,
                    -0.12345150113105774,
                    0.8296156525611877
                ]
            ],
            [
                [
                    0.8479732275009155,
                    -0.11108770966529846,
                    -0.5182672739028931
                ],
                [
                    -0.3953388035297394,
                    0.5187443494796753,
                    -0.7580313682556152
                ],
                [
                    0.3530561923980713,
                    0.8476814031600952,
                    0.39596402645111084
                ]
            ],
            [
                [
                    0.9108138680458069,
                    -0.4109307825565338,
                    -0.03942028805613518
                ],
                [
                    0.38142216205596924,
                    0.8011733889579773,
                    0.4611271619796753
                ],
                [
                    -0.15790888667106628,
                    -0.4350368082523346,
                    0.8864579200744629
                ]
            ],
            [
                [
                    0.9810236096382141,
                    0.17071053385734558,
                    0.09192699193954468
                ],
                [
                    -0.12277236580848694,
                    0.9138984680175781,
                    -0.38693222403526306
                ],
                [
                    -0.1500653475522995,
                    0.3683035373687744,
                    0.9175145030021667
                ]
            ]
        ],
        "right_global_orient": [
            [
                [
                    0.34858438372612,
                    -0.6315628886222839,
                    -0.6925439834594727
                ],
                [
                    -0.9140456914901733,
                    -0.3925541341304779,
                    -0.10208658128976822
                ],
                [
                    -0.20738691091537476,
                    0.668602705001831,
                    -0.7141156196594238
                ]
            ]
        ]
    },
    "18": {
        "right_hand": [
            [
                [
                    0.8450867533683777,
                    -0.45600348711013794,
                    -0.27908650040626526
                ],
                [
                    0.4617079794406891,
                    0.8856750726699829,
                    -0.04904446005821228
                ],
                [
                    0.26954442262649536,
                    -0.08740965276956558,
                    0.9590126872062683
                ]
            ],
            [
                [
                    0.9961217045783997,
                    0.08796975016593933,
                    0.0017027003923431039
                ],
                [
                    -0.08559447526931763,
                    0.9733438491821289,
                    -0.2127799689769745
                ],
                [
                    -0.020375512540340424,
                    0.21180899441242218,
                    0.9770986437797546
                ]
            ],
            [
                [
                    0.9835178852081299,
                    -0.17590712010860443,
                    0.0418228916823864
                ],
                [
                    0.17665690183639526,
                    0.9841591715812683,
                    -0.014936195686459541
                ],
                [
                    -0.03853299841284752,
                    0.022078322246670723,
                    0.999013364315033
                ]
            ],
            [
                [
                    0.8697211742401123,
                    -0.49075090885162354,
                    0.052426207810640335
                ],
                [
                    0.49352508783340454,
                    0.8656813502311707,
                    -0.08383819460868835
                ],
                [
                    -0.004240715876221657,
                    0.0987895056605339,
                    0.9950993061065674
                ]
            ],
            [
                [
                    0.9623239040374756,
                    0.2709190845489502,
                    -0.0231415256857872
                ],
                [
                    -0.25111767649650574,
                    0.9181647300720215,
                    0.30645325779914856
                ],
                [
                    0.10427176207304001,
                    -0.28909605741500854,
                    0.951604425907135
                ]
            ],
            [
                [
                    0.8768541216850281,
                    -0.2961144745349884,
                    0.37873879075050354
                ],
                [
                    0.32768702507019043,
                    0.9445714354515076,
                    -0.02015235275030136
                ],
                [
                    -0.35177838802337646,
                    0.14177845418453217,
                    0.925284206867218
                ]
            ],
            [
                [
                    0.7339745759963989,
                    -0.21345794200897217,
                    0.6447612047195435
                ],
                [
                    0.17719252407550812,
                    0.9766327738761902,
                    0.12161900848150253
                ],
                [
                    -0.6556555032730103,
                    0.024981610476970673,
                    0.7546467781066895
                ]
            ],
            [
                [
                    0.9616596102714539,
                    -0.0532623790204525,
                    -0.2690238952636719
                ],
                [
                    0.05649234354496002,
                    0.9983938932418823,
                    0.004273122642189264
                ],
                [
                    0.26836422085762024,
                    -0.019307080656290054,
                    0.9631239771842957
                ]
            ],
            [
                [
                    0.9535577893257141,
                    0.009343527257442474,
                    0.30106526613235474
                ],
                [
                    -0.11568926274776459,
                    0.9342158436775208,
                    0.33742666244506836
                ],
                [
                    -0.2781071662902832,
                    -0.3565858006477356,
                    0.8919097185134888
                ]
            ],
            [
                [
                    0.8972619771957397,
                    -0.30496546626091003,
                    0.3192444443702698
                ],
                [
                    0.345036119222641,
                    0.9354997277259827,
                    -0.07609429210424423
                ],
                [
                    -0.27544698119163513,
                    0.17842738330364227,
                    0.944612443447113
                ]
            ],
            [
                [
                    0.9703211188316345,
                    0.15012823045253754,
                    -0.1895746886730194
                ],
                [
                    -0.10197627544403076,
                    0.9648668766021729,
                    0.2421419322490692
                ],
                [
                    0.21926666796207428,
                    -0.21562327444553375,
                    0.9515402317047119
                ]
            ],
            [
                [
                    0.758462131023407,
                    -0.3849831819534302,
                    0.5258546471595764
                ],
                [
                    0.22729942202568054,
                    0.9124733805656433,
                    0.34018704295158386
                ],
                [
                    -0.610794723033905,
                    -0.13849252462387085,
                    0.7795829772949219
                ]
            ],
            [
                [
                    0.8353491425514221,
                    -0.10787293314933777,
                    -0.5390317440032959
                ],
                [
                    -0.41778433322906494,
                    0.5127120018005371,
                    -0.7500551342964172
                ],
                [
                    0.3572786748409271,
                    0.8517569303512573,
                    0.3832259178161621
                ]
            ],
            [
                [
                    0.9125005602836609,
                    -0.4089110791683197,
                    -0.011596444062888622
                ],
                [
                    0.3613600432872772,
                    0.7924540638923645,
                    0.49136096239089966
                ],
                [
                    -0.19173327088356018,
                    -0.45255765318870544,
                    0.8708789348602295
                ]
            ],
            [
                [
                    0.9772219061851501,
                    0.20526061952114105,
                    0.053902264684438705
                ],
                [
                    -0.16640040278434753,
                    0.8987441062927246,
                    -0.40567222237586975
                ],
                [
                    -0.1317128688097,
                    0.38746240735054016,
                    0.9124279022216797
                ]
            ]
        ],
        "right_global_orient": [
            [
                [
                    0.3313080668449402,
                    -0.6315112709999084,
                    -0.7010195255279541
                ],
                [
                    -0.895155131816864,
                    -0.4452119469642639,
                    -0.02199050784111023
                ],
                [
                    -0.29821500182151794,
                    0.6348068714141846,
                    -0.7128028869628906
                ]
            ]
        ]
    },
    "24": {
        "right_hand": [
            [
                [
                    0.7117828726768494,
                    -0.609504759311676,
                    -0.34909749031066895
                ],
                [
                    0.6168580651283264,
                    0.7801284790039062,
                    -0.10433471947908401
                ],
                [
                    0.3359333872795105,
                    -0.14107993245124817,
                    0.9312600493431091
                ]
            ],
            [
                [
                    0.9864752888679504,
                    0.15509778261184692,
                    -0.053019579499959946
                ],
                [
                    -0.16353605687618256,
                    0.9531440138816833,
                    -0.25450411438941956
                ],
                [
                    0.011062263511121273,
                    0.2597326338291168,
                    0.9656171202659607
                ]
            ],
            [
                [
                    0.9998196959495544,
                    -0.018882691860198975,
                    0.002035279991105199
                ],
                [
                    0.018868334591388702,
                    0.9997978806495667,
                    0.006943104788661003
                ],
                [
                    -0.002165974350646138,
                    -0.006903450004756451,
                    0.9999738931655884
                ]
            ],
            [
                [
                    0.6629928350448608,
                    -0.7470989227294922,
                    -0.04778716713190079
                ],
                [
                    0.7480922341346741,
                    0.6635786890983582,
                    0.004623053595423698
                ],
                [
                    0.02825666405260563,
                    -0.03881426155567169,
                    0.9988468289375305
                ]
            ],
            [
                [
                    0.936704158782959,
                    0.3401234447956085,
                    -0.0830756202340126
                ],
                [
                    -0.3143012225627899,
                    0.9214070439338684,
                    0.2285251021385193
                ],
                [
                    0.15427319705486298,
                    -0.18794959783554077,
                    0.9699870347976685
                ]
            ],
            [
                [
                    0.88936847448349,
                    -0.0890340805053711,
                    0.44843798875808716
                ],
                [
                    0.07178066670894623,
                    0.9958826303482056,
                    0.055365532636642456
                ],
                [
                    -0.45152100920677185,
                    -0.017051169648766518,
                    0.892097532749176
                ]
            ],
            [
                [
                    0.5831643342971802,
                    -0.4237743616104126,
                    0.6930617690086365
                ],
                [
                    0.28578412532806396,
                    0.9056373834609985,
                    0.31328633427619934
                ],
                [
                    -0.7604253888130188,
                    0.015368637628853321,
                    0.6492434144020081
                ]
            ],
            [
                [
                    0.9444825053215027,
                    -0.05281300097703934,
                    -0.3242894113063812
                ],
                [
                    0.02553522028028965,
                    0.995810329914093,
                    -0.08780480176210403
                ],
                [
                    0.327567994594574,
                    0.07464929670095444,
                    0.9418740272521973
                ]
            ],
            [
                [
                    0.9491981267929077,
                    0.20572756230831146,
                    0.2381155639886856
                ],
                [
                    -0.3049403131008148,
                    0.7881461381912231,
                    0.5346372723579407
                ],
                [
                    -0.07768027484416962,
                    -0.5800877809524536,
                    0.81084144115448
                ]
            ],
            [
                [
                    0.7671677470207214,
                    -0.5461453795433044,
                    0.3364206850528717
                ],
                [
                    0.5675617456436157,
                    0.8223240375518799,
                    0.04070328548550606
                ],
                [
                    -0.2988767623901367,
                    0.1597132831811905,
                    0.94083172082901
                ]
            ],
            [
                [
                    0.9663769602775574,
                    0.11537285894155502,
                    -0.22979240119457245
                ],
                [
                    -0.06555692851543427,
                    0.974702000617981,
                    0.21367785334587097
                ],
                [
                    0.2486317753791809,
                    -0.19142891466617584,
                    0.9494930505752563
                ]
            ],
            [
                [
                    0.7693410515785217,
                    -0.27451291680336,
                    0.5768508911132812
                ],
                [
                    0.023438215255737305,
                    0.9144896268844604,
                    0.4039297103881836
                ],
                [
                    -0.6384081840515137,
                    -0.2972393333911896,
                    0.7099884748458862
                ]
            ],
            [
                [
                    0.830508291721344,
                    -0.19647540152072906,
                    -0.521203875541687
                ],
                [
                    -0.40086060762405396,
                    0.43886178731918335,
                    -0.8041836023330688
                ],
                [
                    0.38673874735832214,
                    0.876811146736145,
                    0.285719096660614
                ]
            ],
            [
                [
                    0.8969740867614746,
                    -0.4190652370452881,
                    0.14079004526138306
                ],
                [
                    0.2758854925632477,
                    0.7794638276100159,
                    0.5624263286590576
                ],
                [
                    -0.3454340398311615,
                    -0.4656399190425873,
                    0.81477290391922
                ]
            ],
            [
                [
                    0.9633452296257019,
                    0.26823386549949646,
                    0.0040572104044258595
                ],
                [
                    -0.238531693816185,
                    0.8633962273597717,
                    -0.4445779323577881
                ],
                [
                    -0.12275385856628418,
                    0.42731431126594543,
                    0.8957309126853943
                ]
            ]
        ],
        "right_global_orient": [
            [
                [
                    0.4430996775627136,
                    -0.7100563049316406,
                    -0.5472500324249268
                ],
                [
                    -0.8278353214263916,
                    -0.5583493709564209,
                    0.05417264252901077
                ],
                [
                    -0.34402236342430115,
                    0.4290289878845215,
                    -0.8352140784263611
                ]
            ]
        ]
    },
    "25": {
        "right_hand": [
            [
                [
                    0.7138391137123108,
                    -0.6215956807136536,
                    -0.3225718140602112
                ],
                [
                    0.6313791275024414,
                    0.770514726638794,
                    -0.08756360411643982
                ],
                [
                    0.30297550559043884,
                    -0.141158789396286,
                    0.9424861073493958
                ]
            ],
            [
                [
                    0.9964448809623718,
                    0.06294946372509003,
                    -0.0559903122484684
                ],
                [
                    -0.07496530562639236,
                    0.9657704830169678,
                    -0.24832965433597565
                ],
                [
                    0.03844156488776207,
                    0.25164416432380676,
                    0.9670560956001282
                ]
            ],
            [
                [
                    0.9846228361129761,
                    -0.15056435763835907,
                    0.08859001845121384
                ],
                [
                    0.15077339112758636,
                    0.9885587096214294,
                    0.004365443252027035
                ],
                [
                    -0.08823371678590775,
                    0.00905870646238327,
                    0.9960585832595825
                ]
            ],
            [
                [
                    0.5626881122589111,
                    -0.8249462246894836,
                    -0.053346313536167145
                ],
                [
                    0.8254817128181458,
                    0.5572509169578552,
                    0.08972931653261185
                ],
                [
                    -0.0442945770919323,
                    -0.0945260301232338,
                    0.9945364594459534
                ]
            ],
            [
                [
                    0.9584035873413086,
                    0.2688906192779541,
                    -0.09571003913879395
                ],
                [
                    -0.23893271386623383,
                    0.9392861127853394,
                    0.24627785384655
                ],
                [
                    0.1561209112405777,
                    -0.2131653130054474,
                    0.9644619226455688
                ]
            ],
            [
                [
                    0.8506447076797485,
                    -0.17091165482997894,
                    0.4971848130226135
                ],
                [
                    0.13056722283363342,
                    0.9847332239151001,
                    0.1151202842593193
                ],
                [
                    -0.5092697739601135,
                    -0.03301042690873146,
                    0.8599735498428345
                ]
            ],
            [
                [
                    0.4915679693222046,
                    -0.6734201908111572,
                    0.552146852016449
                ],
                [
                    0.37085121870040894,
                    0.735554039478302,
                    0.5669476389884949
                ],
                [
                    -0.7879278659820557,
                    -0.07392898201942444,
                    0.61131352186203
                ]
            ],
            [
                [
                    0.9449589848518372,
                    -0.15826255083084106,
                    -0.28636592626571655
                ],
                [
                    0.11415907740592957,
                    0.9797085523605347,
                    -0.16473858058452606
                ],
                [
                    0.3066271245479584,
                    0.12297993898391724,
                    0.9438515305519104
                ]
            ],
            [
                [
                    0.9532607197761536,
                    0.15854084491729736,
                    0.25721344351768494
                ],
                [
                    -0.2914496064186096,
                    0.7070047855377197,
                    0.6443611979484558
                ],
                [
                    -0.07969359308481216,
                    -0.6892090439796448,
                    0.7201665639877319
                ]
            ],
            [
                [
                    0.6217658519744873,
                    -0.7206896543502808,
                    0.3066166043281555
                ],
                [
                    0.7039364576339722,
                    0.6858527660369873,
                    0.1846063882112503
                ],
                [
                    -0.343337744474411,
                    0.10105665773153305,
                    0.9337595701217651
                ]
            ],
            [
                [
                    0.9777644872665405,
                    0.07147732377052307,
                    -0.19714859127998352
                ],
                [
                    -0.01602131873369217,
                    0.9628329277038574,
                    0.2696223556995392
                ],
                [
                    0.20909301936626434,
                    -0.26046860218048096,
                    0.9425690174102783
                ]
            ],
            [
                [
                    0.7733703255653381,
                    -0.31549862027168274,
                    0.5498718619346619
                ],
                [
                    0.04315316677093506,
                    0.8915548324584961,
                    0.45085233449935913
                ],
                [
                    -0.6324841976165771,
                    -0.3249471187591553,
                    0.7031168341636658
                ]
            ],
            [
                [
                    0.8495208621025085,
                    -0.22512005269527435,
                    -0.47711142897605896
                ],
                [
                    -0.3605034053325653,
                    0.41256290674209595,
                    -0.836557924747467
                ],
                [
                    0.3851644694805145,
                    0.8826736807823181,
                    0.26932424306869507
                ]
            ],
            [
                [
                    0.8903748393058777,
                    -0.44301173090934753,
                    0.1047525480389595
                ],
                [
                    0.3265611231327057,
                    0.781895637512207,
                    0.5310338139533997
                ],
                [
                    -0.31715983152389526,
                    -0.43861111998558044,
                    0.8408505916595459
                ]
            ],
            [
                [
                    0.9583297967910767,
                    0.2844652831554413,
                    -0.026143748313188553
                ],
                [
                    -0.26273074746131897,
                    0.8417669534683228,
                    -0.47159409523010254
                ],
                [
